1 0.13581730769230768 0.46153846153846156 0.09615384615384616 0.15865384615384615
1 0.038461538461538464 0.4170673076923077 0.07692307692307693 0.2091346153846154
1 0.47115384615384615 0.45072115384615385 0.07692307692307693 0.125
1 0.9495192307692307 0.3329326923076923 0.09134615384615384 0.25
1 0.21995192307692307 0.4735576923076923 0.07692307692307693 0.125
1 0.3161057692307692 0.4495192307692308 0.08173076923076923 0.11538461538461539
1 0.8569711538461539 0.43149038461538464 0.07692307692307693 0.1346153846153846
1 0.6923076923076923 0.4098557692307692 0.07692307692307693 0.11298076923076923
1 0.7908653846153846 0.39302884615384615 0.06971153846153846 0.125
1 0.5961538461538461 0.42427884615384615 0.06490384615384616 0.11778846153846154
1 0.9242788461538461 0.4014423076923077 0.07451923076923077 0.1658653846153846