1 0.03485576923076923 0.4675480769230769 0.05048076923076923 0.10336538461538461
1 0.21153846153846154 0.4423076923076923 0.10336538461538461 0.1971153846153846
1 0.34134615384615385 0.42788461538461536 0.10817307692307693 0.19471153846153846
0 0.4723557692307692 0.4266826923076923 0.07692307692307693 0.14903846153846154
0 0.10817307692307693 0.4254807692307692 0.0673076923076923 0.12740384615384615
0 0.006009615384615385 0.4423076923076923 0.01201923076923077 0.14903846153846154
0 0.9026442307692307 0.49278846153846156 0.0625 0.12740384615384615
0 0.7512019230769231 0.43149038461538464 0.08173076923076923 0.13701923076923078
0 0.6778846153846154 0.4807692307692308 0.052884615384615384 0.11057692307692307
0 0.6201923076923077 0.47596153846153844 0.08653846153846154 0.14182692307692307
0 0.5793269230769231 0.5180288461538461 0.055288461538461536 0.12980769230769232
0 0.5216346153846154 0.5132211538461539 0.06009615384615385 0.1201923076923077