1 0.009615384615384616 0.42908653846153844 0.019230769230769232 0.18990384615384615
0 0.4951923076923077 0.4795673076923077 0.10576923076923077 0.1658653846153846
0 0.34615384615384615 0.5144230769230769 0.0985576923076923 0.16346153846153846
0 0.6526442307692307 0.5036057692307693 0.10576923076923077 0.18509615384615385
0 0.7139423076923077 0.5228365384615384 0.07451923076923077 0.14182692307692307
0 0.5240384615384616 0.37740384615384615 0.07211538461538461 0.11778846153846154
0 0.4098557692307692 0.38100961538461536 0.07211538461538461 0.1201923076923077
0 0.953125 0.36778846153846156 0.06009615384615385 0.10817307692307693
0 0.8064903846153846 0.3641826923076923 0.0673076923076923 0.11778846153846154
0 0.7836538461538461 0.3004807692307692 0.057692307692307696 0.0985576923076923
0 0.3269230769230769 0.43028846153846156 0.08173076923076923 0.11057692307692307
0 0.8521634615384616 0.39783653846153844 0.057692307692307696 0.11538461538461539
0 0.8497596153846154 0.3112980769230769 0.057692307692307696 0.09134615384615384
0 0.4483173076923077 0.44711538461538464 0.06009615384615385 0.11298076923076923
0 0.9242788461538461 0.33774038461538464 0.04807692307692308 0.0889423076923077