0 0.5276442307692307 0.40865384615384615 0.11298076923076923 0.17548076923076922
0 0.6899038461538461 0.44591346153846156 0.10576923076923077 0.17548076923076922
0 0.359375 0.4338942307692308 0.11298076923076923 0.19951923076923078
0 0.2932692307692308 0.4567307692307692 0.08173076923076923 0.15384615384615385
0 0.4963942307692308 0.29927884615384615 0.07932692307692307 0.125
0 0.6201923076923077 0.30408653846153844 0.07932692307692307 0.12980769230769232
0 0.042067307692307696 0.29086538461538464 0.052884615384615384 0.1201923076923077
0 0.1935096153846154 0.2848557692307692 0.07211538461538461 0.125
0 0.21754807692307693 0.21754807692307693 0.0625 0.10817307692307693
0 0.7091346153846154 0.35697115384615385 0.0889423076923077 0.1201923076923077
0 0.14423076923076922 0.32091346153846156 0.0625 0.12259615384615384
0 0.14543269230769232 0.2283653846153846 0.06009615384615385 0.09615384615384616
0 0.578125 0.375 0.0625 0.1201923076923077
0 0.06610576923076923 0.25721153846153844 0.05048076923076923 0.09615384615384616