1 0.054086538461538464 0.2824519230769231 0.07692307692307693 0.1875
0 0.5204326923076923 0.4651442307692308 0.11057692307692307 0.16346153846153846
0 0.3713942307692308 0.4567307692307692 0.10576923076923077 0.16346153846153846
0 0.6610576923076923 0.5288461538461539 0.11298076923076923 0.18509615384615385
0 0.7127403846153846 0.5649038461538461 0.08173076923076923 0.14182692307692307
0 0.5757211538461539 0.3762019230769231 0.07692307692307693 0.11778846153846154
0 0.46634615384615385 0.34975961538461536 0.07932692307692307 0.1201923076923077
0 0.9711538461538461 0.4831730769230769 0.052884615384615384 0.11057692307692307
0 0.8425480769230769 0.43990384615384615 0.07211538461538461 0.11538461538461539
0 0.8377403846153846 0.3737980769230769 0.0625 0.0985576923076923
0 0.3762019230769231 0.37259615384615385 0.08653846153846154 0.11298076923076923
0 0.8762019230769231 0.4831730769230769 0.06490384615384616 0.11538461538461539
0 0.8978365384615384 0.4026442307692308 0.06009615384615385 0.0889423076923077
0 0.4855769230769231 0.421875 0.06490384615384616 0.11057692307692307
0 0.9603365384615384 0.4483173076923077 0.05048076923076923 0.0889423076923077