0 0.4692513368983957 0.44786096256684493 0.12566844919786097 0.17914438502673796
0 0.3155080213903743 0.5 0.11764705882352941 0.17647058823529413
0 0.6363636363636364 0.45454545454545453 0.12834224598930483 0.20320855614973263
0 0.7018716577540107 0.4692513368983957 0.09358288770053476 0.15240641711229946
0 0.4879679144385027 0.33689839572192515 0.08823529411764706 0.12834224598930483
0 0.3689839572192513 0.35427807486631013 0.08823529411764706 0.13101604278074866
0 0.9371657754010695 0.27941176470588236 0.0748663101604278 0.11764705882352941
0 0.7820855614973262 0.2914438502673797 0.08021390374331551 0.12566844919786097
0 0.7513368983957219 0.22727272727272727 0.06951871657754011 0.10962566844919786
0 0.2874331550802139 0.41310160427807485 0.0962566844919786 0.12299465240641712
0 0.8342245989304813 0.32219251336898397 0.07219251336898395 0.12299465240641712
0 0.8221925133689839 0.23128342245989306 0.06951871657754011 0.09893048128342247
0 0.41711229946524064 0.4184491978609626 0.07219251336898395 0.12299465240641712
0 0.9037433155080213 0.25267379679144386 0.058823529411764705 0.0962566844919786
0 0.9665775401069518 0.21524064171122995 0.045454545454545456 0.10427807486631016