1 0.00819672131147541 0.4057377049180328 0.01639344262295082 0.10109289617486339
1 0.16666666666666666 0.38934426229508196 0.09289617486338798 0.1885245901639344
1 0.29508196721311475 0.3825136612021858 0.09562841530054644 0.18579234972677597
0 0.42349726775956287 0.3879781420765027 0.06830601092896176 0.14207650273224043
0 0.06693989071038252 0.36885245901639346 0.06284153005464481 0.12295081967213115
0 0.8401639344262295 0.47404371584699456 0.0546448087431694 0.12295081967213115
0 0.6953551912568307 0.40710382513661203 0.07377049180327869 0.13114754098360656
0 0.6215846994535519 0.45081967213114754 0.04644808743169399 0.1092896174863388
0 0.5642076502732241 0.4426229508196721 0.07923497267759563 0.13387978142076504
0 0.5218579234972678 0.4822404371584699 0.04644808743169399 0.1284153005464481
0 0.4672131147540984 0.47404371584699456 0.05191256830601093 0.11475409836065574