1 0.8478260869565217 0.4279891304347826 0.11413043478260869 0.16304347826086957
1 0.9402173913043478 0.35190217391304346 0.11413043478260869 0.21467391304347827
1 0.5339673913043478 0.5067934782608695 0.08967391304347826 0.13043478260869565
1 0.0625 0.532608695652174 0.125 0.266304347826087
1 0.7744565217391305 0.46059782608695654 0.08967391304347826 0.13043478260869565
1 0.6793478260869565 0.4633152173913043 0.09239130434782608 0.11956521739130435
1 0.17391304347826086 0.5896739130434783 0.08967391304347826 0.1358695652173913
1 0.31929347826086957 0.5271739130434783 0.08695652173913043 0.11684782608695653
1 0.22418478260869565 0.5380434782608695 0.08152173913043478 0.12771739130434784
1 0.41304347826086957 0.5149456521739131 0.07608695652173914 0.11684782608695653
1 0.10326086956521739 0.5801630434782609 0.09239130434782608 0.16576086956521738