1 0.024875621890547265 0.34328358208955223 0.04975124378109453 0.18407960199004975
0 0.5099502487562189 0.47139303482587064 0.0945273631840796 0.15671641791044777
0 0.35945273631840796 0.48258706467661694 0.08955223880597014 0.15671641791044777
0 0.6592039800995025 0.5186567164179104 0.0945273631840796 0.1791044776119403
0 0.7139303482587065 0.5472636815920398 0.06716417910447761 0.13681592039800994
0 0.5534825870646766 0.376865671641791 0.06467661691542288 0.11194029850746269
0 0.4427860696517413 0.36318407960199006 0.06467661691542288 0.11442786069651742
0 0.9713930348258707 0.43407960199004975 0.05472636815920398 0.1044776119402985
0 0.8283582089552238 0.4079601990049751 0.05970149253731343 0.11194029850746269
0 0.8159203980099502 0.3420398009950249 0.05223880597014925 0.0945273631840796
0 0.35447761194029853 0.39800995024875624 0.07711442786069651 0.1044776119402985
0 0.8681592039800995 0.4465174129353234 0.05223880597014925 0.10945273631840796
0 0.8793532338308457 0.36318407960199006 0.05223880597014925 0.0845771144278607
0 0.4701492537313433 0.43407960199004975 0.05223880597014925 0.10696517412935323
0 0.9477611940298507 0.4017412935323383 0.04228855721393035 0.0845771144278607