1 0.11780104712041885 0.3337696335078534 0.05759162303664921 0.09947643979057591
1 0.28272251308900526 0.3612565445026178 0.11780104712041885 0.19109947643979058
1 0.4031413612565445 0.38481675392670156 0.12041884816753927 0.18848167539267016
0 0.5222513089005235 0.418848167539267 0.08638743455497382 0.14397905759162305
0 0.1950261780104712 0.3180628272251309 0.07853403141361257 0.1256544502617801
0 0.07068062827225131 0.29450261780104714 0.07591623036649214 0.1387434554973822
0 0.8900523560209425 0.5955497382198953 0.07068062827225131 0.12303664921465969
0 0.7709424083769634 0.5 0.09162303664921466 0.13350785340314136
0 0.6924083769633508 0.5235602094240838 0.06282722513089005 0.10732984293193717
0 0.6400523560209425 0.5026178010471204 0.09424083769633508 0.1387434554973822
0 0.5916230366492147 0.5301047120418848 0.06544502617801047 0.1256544502617801
0 0.5418848167539267 0.5104712041884817 0.06806282722513089 0.11518324607329843