1 0.8617788461538461 0.2536057692307692 0.06490384615384616 0.10817307692307693
1 0.6875 0.28725961538461536 0.13221153846153846 0.20432692307692307
1 0.5600961538461539 0.3173076923076923 0.1346153846153846 0.20432692307692307
0 0.4362980769230769 0.3581730769230769 0.0985576923076923 0.15384615384615385
0 0.7788461538461539 0.23798076923076922 0.08653846153846154 0.1346153846153846
0 0.9110576923076923 0.2091346153846154 0.08653846153846154 0.14903846153846154
0 0.05048076923076923 0.5600961538461539 0.07932692307692307 0.13221153846153846
0 0.17427884615384615 0.4543269230769231 0.10096153846153846 0.1466346153846154
0 0.25841346153846156 0.47596153846153844 0.06971153846153846 0.11538461538461539
0 0.3125 0.453125 0.10576923076923077 0.14903846153846154
0 0.3641826923076923 0.4795673076923077 0.07211538461538461 0.1346153846153846
0 0.4170673076923077 0.4567307692307692 0.07692307692307693 0.125