1 0.13942307692307693 0.3233173076923077 0.06490384615384616 0.11057692307692307
1 0.31971153846153844 0.3545673076923077 0.13221153846153846 0.2091346153846154
1 0.4519230769230769 0.38221153846153844 0.1346153846153846 0.20673076923076922
0 0.578125 0.421875 0.0985576923076923 0.15865384615384615
0 0.2247596153846154 0.30528846153846156 0.08653846153846154 0.13701923076923078
0 0.0889423076923077 0.27884615384615385 0.08653846153846154 0.15144230769230768
0 0.9663461538461539 0.6225961538461539 0.06009615384615385 0.1346153846153846
0 0.8509615384615384 0.515625 0.10096153846153846 0.1466346153846154
0 0.7632211538461539 0.5396634615384616 0.06971153846153846 0.11778846153846154
0 0.7067307692307693 0.5168269230769231 0.10576923076923077 0.15384615384615385
0 0.6550480769230769 0.5456730769230769 0.07211538461538461 0.13701923076923078
0 0.5997596153846154 0.5228365384615384 0.07692307692307693 0.12740384615384615