1 0.9801136363636364 0.4943181818181818 0.03409090909090909 0.2159090909090909
0 0.42613636363636365 0.5383522727272727 0.11931818181818182 0.1846590909090909
0 0.5951704545454546 0.5795454545454546 0.11363636363636363 0.1846590909090909
0 0.25 0.5610795454545454 0.11931818181818182 0.21022727272727273
0 0.18181818181818182 0.5823863636363636 0.08522727272727272 0.1590909090909091
0 0.3963068181818182 0.421875 0.08238636363636363 0.13068181818181818
0 0.5241477272727273 0.4289772727272727 0.08238636363636363 0.13636363636363635
0 0.08096590909090909 0.40198863636363635 0.07670454545454546 0.13068181818181818
0 0.10795454545454546 0.3309659090909091 0.06534090909090909 0.11363636363636363
0 0.6164772727272727 0.48579545454545453 0.09375 0.125
0 0.032670454545454544 0.4403409090909091 0.06534090909090909 0.13068181818181818
0 0.032670454545454544 0.34232954545454547 0.06534090909090909 0.10227272727272728
0 0.48011363636363635 0.5028409090909091 0.06818181818181818 0.125