1 0.8337628865979382 0.41237113402061853 0.10051546391752578 0.15206185567010308
1 0.9355670103092784 0.34664948453608246 0.12371134020618557 0.19845360824742267
1 0.5322164948453608 0.47164948453608246 0.07989690721649484 0.1211340206185567
1 0.06958762886597938 0.47164948453608246 0.13917525773195877 0.24742268041237114
1 0.7615979381443299 0.44072164948453607 0.07989690721649484 0.1211340206185567
1 0.6713917525773195 0.4381443298969072 0.08247422680412371 0.11082474226804123
1 0.18685567010309279 0.5335051546391752 0.07989690721649484 0.12886597938144329
1 0.327319587628866 0.4806701030927835 0.07731958762886598 0.10824742268041238
1 0.23711340206185566 0.48582474226804123 0.07216494845360824 0.11855670103092783
1 0.4162371134020619 0.4729381443298969 0.06701030927835051 0.11082474226804123
1 0.11984536082474227 0.520618556701031 0.07989690721649484 0.15463917525773196