      0/99        0G    0.1046   0.03847   0.03703    0.1801        16       416  0.000698   0.08889 0.0002788 5.955e-05    0.0942   0.02871   0.03415
      1/99        0G   0.09816   0.04784   0.03448    0.1805         9       416  0.001161    0.1148 0.0004059 0.0001325   0.08893   0.03053   0.03185
      2/99        0G   0.09698   0.04686   0.03178    0.1756        12       416  0.001236    0.1259 0.0006146 0.0002017   0.08745   0.03094   0.02981
      3/99        0G   0.09504   0.04654   0.02931    0.1709         9       416  0.001765    0.1407 0.0006735  0.000203   0.08627   0.03131   0.02813
      4/99        0G    0.0933   0.04857   0.02911     0.171        20       416  0.001339    0.1185  0.001619 0.0009549   0.08534   0.03163   0.02698
      5/99        0G   0.09312   0.05023   0.02788    0.1712        32       416    0.3885  0.007407  0.001852 0.0003866   0.08647    0.0313   0.02582
      6/99        0G    0.0929   0.04684   0.02674    0.1665        12       416  0.003323  0.007407 0.0008309 0.0001846   0.08596   0.03138   0.02512
      7/99        0G   0.09286   0.04842   0.02695    0.1682        40       416    0.3514  0.007407  0.001147 0.0001519   0.08604    0.0314   0.02459
      8/99        0G   0.09275   0.04909   0.02591    0.1678        16       416  0.002048   0.02222 0.0005163 0.0001068    0.0855   0.03156   0.02393
      9/99        0G   0.09185   0.04429   0.02551    0.1616        19       416    0.6841   0.01481  0.001616 0.0002809   0.08485    0.0318   0.02339
     10/99        0G   0.09121   0.04972   0.02531    0.1662        14       416    0.3373   0.02222 0.0007449 0.0001073   0.08368   0.03221   0.02307
     11/99        0G   0.09063   0.05118   0.02488    0.1667        19       416    0.6787   0.01481  0.001313 0.0001772   0.08419     0.032   0.02264
     12/99        0G   0.09155   0.04834   0.02491    0.1648        21       416    0.6835   0.02963  0.004983 0.0006615   0.08362   0.03214   0.02227
     13/99        0G   0.08984    0.0517   0.02432    0.1659        14       416    0.3722   0.02963   0.01002  0.003131   0.08329   0.03221   0.02189
     14/99        0G   0.08881   0.05103   0.02432    0.1642        18       416   0.03877   0.02963  0.005192  0.001196   0.08467    0.0318   0.02151
     15/99        0G   0.08826   0.04803   0.02236    0.1587        10       416    0.3648   0.02963   0.01246  0.004402   0.08309   0.03186   0.02132
     16/99        0G   0.08689    0.0516   0.02239    0.1609        28       416    0.1481   0.02963   0.02001  0.003555   0.08166   0.03204   0.02123
     17/99        0G   0.08611   0.05041   0.02295    0.1595        18       416    0.4429   0.02222    0.0191  0.007316   0.07997   0.03181   0.02089
     18/99        0G   0.08443    0.0467   0.02245    0.1536        24       416   0.04301    0.3889   0.04119  0.009964   0.07836   0.03145    0.0206
     19/99        0G    0.0833   0.04807   0.02257    0.1539        19       416    0.7603   0.06667   0.05791   0.01631    0.0748   0.03151   0.02074
     20/99        0G   0.08137   0.04689   0.02242    0.1507        21       416    0.7913   0.08889   0.06758    0.0198   0.07303   0.03028   0.01947
     21/99        0G    0.0799   0.04459   0.02127    0.1458        22       416    0.8253   0.07407   0.08284    0.0248   0.07618   0.03069    0.0191
     22/99        0G   0.07951   0.04322   0.01987    0.1426        22       416   0.03997    0.7148   0.08542   0.02124   0.07364   0.03409    0.0201
     23/99        0G   0.07675   0.04476    0.0224    0.1439        13       416    0.7441    0.1259   0.06458   0.01449   0.07256      0.03    0.0197
     24/99        0G   0.07495   0.04345   0.02049    0.1389        22       416    0.8094    0.1556    0.1445   0.03922   0.06841   0.02983   0.01841
     25/99        0G   0.07504   0.04116   0.02087    0.1371        26       416    0.7971    0.1333     0.113    0.0231   0.07099   0.02827   0.01911
     26/99        0G   0.07437   0.04037   0.02046    0.1352        16       416    0.4685     0.163    0.1493   0.04744   0.06469   0.02867   0.01862
     27/99        0G   0.07371   0.04083   0.01991    0.1344        12       416    0.6008    0.2333    0.1629   0.03749   0.07367   0.03093   0.01772
     28/99        0G   0.07284   0.03847   0.01725    0.1285        17       416     0.784    0.1259    0.1096   0.02612   0.06939    0.0259   0.01939
     29/99        0G   0.07062   0.03758    0.0157    0.1239        19       416    0.4848    0.1481    0.1113   0.03226   0.07014   0.02693   0.02257
     30/99        0G   0.07169   0.03865   0.01543    0.1258        17       416    0.4462    0.1556    0.1002   0.02748   0.06894   0.02651   0.01704
     31/99        0G   0.07387   0.03956   0.01539    0.1288        30       416    0.4923    0.1556    0.1289   0.03977   0.06941   0.02467    0.0209
     32/99        0G   0.07411   0.03906   0.01552    0.1287        25       416    0.5481    0.1593    0.1384   0.04761   0.07061   0.02482   0.02112
     33/99        0G   0.06992    0.0393   0.01217    0.1214        10       416    0.4609    0.1444    0.1013   0.03552   0.06689    0.0347   0.03732
     34/99        0G   0.07193   0.03654    0.0107    0.1192        28       416    0.5998    0.2259     0.176   0.04445   0.06703   0.02522   0.03497
     35/99        0G   0.06713   0.03904   0.01142    0.1176        14       416    0.7995   0.08889   0.08177   0.02242   0.07933    0.0233   0.02067
     36/99        0G   0.06929   0.03735   0.01052    0.1172        26       416    0.5292    0.1741    0.1735    0.0575   0.06132   0.02391   0.02723
     37/99        0G   0.06771   0.03684   0.01028    0.1148        16       416    0.5022    0.3259    0.1862   0.05668   0.06983    0.0211   0.01854
     38/99        0G   0.06267   0.03515  0.009834    0.1076        19       416    0.6246    0.1704    0.1682   0.07282   0.06581   0.02382    0.0261
     39/99        0G   0.06467   0.03325  0.009662    0.1076        17       416    0.6335    0.3037    0.2439   0.09755   0.06191   0.02337   0.03073
     40/99        0G   0.06394   0.03627  0.009001    0.1092        25       416    0.7142       0.3    0.3106    0.1232   0.05737   0.02292   0.02135
     41/99        0G    0.0608   0.03387  0.008494    0.1032         8       416    0.6872    0.2778    0.2592    0.1136   0.05703   0.02134   0.01892
     42/99        0G   0.06355   0.03565  0.008694    0.1079        26       416    0.7496    0.2852    0.3002    0.1253   0.05864   0.02087   0.02216
     43/99        0G   0.05865   0.03483  0.007885    0.1014        20       416    0.6128    0.2673    0.1841   0.07894   0.06129   0.03342   0.03499
     44/99        0G   0.05909   0.03413  0.007166    0.1004        10       416    0.6524    0.2778    0.2015   0.08289   0.06473   0.02411   0.03556
     45/99        0G     0.059   0.03353  0.009128    0.1017        11       416     0.719    0.3667    0.3258    0.1202   0.05525   0.02085   0.01361
     46/99        0G    0.0582   0.03408   0.00773       0.1        16       416    0.8726    0.3778    0.4043    0.1716   0.05312   0.01996   0.01363
     47/99        0G   0.05721   0.03102  0.007148   0.09538        12       416    0.6489    0.3667    0.3162    0.1169   0.05717   0.01976   0.01772
     48/99        0G   0.05558    0.0338  0.007537   0.09692        25       416    0.7245    0.3444    0.3282    0.1363   0.05712   0.01995   0.02512
     49/99        0G   0.05484   0.03342  0.006839    0.0951        14       416    0.7672     0.363     0.373    0.1739   0.05354   0.02017    0.0217
     50/99        0G   0.05272   0.03208  0.007025   0.09182        14       416    0.7446    0.3667    0.3491    0.1368   0.05334   0.02028   0.02363
     51/99        0G     0.053   0.03283  0.008396   0.09422        20       416    0.8059    0.3704    0.3757    0.1126    0.0581    0.0189   0.02018
     52/99        0G   0.05386   0.03086  0.006721   0.09144        13       416    0.7116    0.2778    0.2618   0.09578   0.05857   0.01949   0.02513
     53/99        0G   0.05393   0.03089    0.0066   0.09142        10       416    0.7872    0.3593    0.3592    0.1313   0.05309    0.0201   0.01985
     54/99        0G   0.05312   0.03138   0.00647   0.09097        22       416     0.762    0.4296    0.4207    0.1768   0.05241   0.01841   0.02319
     55/99        0G   0.05144   0.02963  0.005273   0.08635        23       416    0.8544    0.4179    0.4585    0.2193   0.04999   0.01862   0.01412
     56/99        0G    0.0493   0.02973  0.006669   0.08571        21       416    0.7713    0.4148    0.4012    0.1757   0.05289   0.01894   0.01508
     57/99        0G    0.0514    0.0299  0.006342   0.08764        27       416    0.8316    0.4111    0.4325    0.1908   0.05111   0.01855   0.01279
     58/99        0G    0.0481   0.02953   0.00585   0.08348        31       416    0.8042    0.3926    0.4031    0.1731   0.05469   0.01851   0.01985
     59/99        0G   0.04879   0.02819   0.00585   0.08283        21       416    0.7372    0.4037    0.3615    0.1401    0.0547   0.01884   0.02897
     60/99        0G   0.04906   0.02898  0.006238   0.08428        20       416    0.6993    0.4242    0.3685    0.1599   0.04719   0.01813   0.02302
     61/99        0G   0.04905    0.0277  0.005762   0.08251        18       416    0.7394    0.4148    0.4007    0.1801   0.04786   0.01859   0.02323
     62/99        0G   0.04842   0.02875  0.005803   0.08298        13       416    0.8674    0.3889     0.415    0.1865   0.05392   0.01838   0.02497
     63/99        0G   0.04818   0.02745  0.005606   0.08124        14       416    0.8257    0.4444    0.4429    0.2041   0.04872   0.01821   0.02497
     64/99        0G   0.04827   0.02969    0.0046   0.08256        13       416    0.8259    0.3741    0.4079    0.1978   0.04777   0.01983   0.02656
     65/99        0G    0.0471   0.02888  0.004719    0.0807        11       416    0.8751    0.3926    0.4337    0.1901   0.04882   0.01887   0.02072
     66/99        0G   0.04671   0.02922     0.005   0.08093        18       416     0.807    0.4222    0.4132     0.148   0.05252    0.0178   0.01834
     67/99        0G    0.0452   0.02784  0.005259    0.0783        16       416    0.8233    0.4185    0.4089    0.1897   0.04979   0.01891    0.0282
     68/99        0G   0.04633   0.02986  0.004872   0.08106        16       416    0.7753    0.4556    0.4545     0.206   0.04804   0.01784   0.01438
     69/99        0G   0.04539   0.02875  0.004788   0.07893        15       416    0.8418    0.3963    0.3962    0.1678   0.05449   0.01894   0.02894
     70/99        0G   0.04557   0.02812  0.005333   0.07903        16       416    0.9113    0.3963    0.4173    0.1926    0.0518   0.01812   0.01596
     71/99        0G   0.04425   0.02661  0.004614   0.07548        16       416    0.7281    0.4259       0.4    0.1893    0.0497   0.01885   0.01743
     72/99        0G   0.04403   0.02583   0.00448   0.07434        22       416    0.8545    0.4074    0.4217    0.2069   0.05054   0.01881   0.02506
     73/99        0G   0.04461   0.02813  0.004055   0.07679        10       416    0.8056    0.4333    0.4399    0.2021   0.04502   0.01886    0.0206
     74/99        0G   0.04375   0.02587  0.003703   0.07332        20       416    0.5037    0.3741    0.3904    0.1636   0.04969   0.01939   0.02482
     75/99        0G   0.04342   0.02674  0.003934    0.0741        33       416    0.8783       0.4    0.4997    0.2095   0.04922   0.01772   0.01624
     76/99        0G    0.0424   0.02689   0.00422   0.07351        12       416    0.8047    0.4889    0.4539    0.2074   0.04584   0.01719   0.01734
     77/99        0G   0.04443   0.02868  0.004236   0.07735        38       416    0.3938    0.4481    0.3854    0.1788   0.04906   0.01775   0.02092
     78/99        0G   0.04287   0.02742  0.003988   0.07428        13       416    0.8457    0.3704    0.4227     0.203   0.04692   0.01779   0.02001
     79/99        0G   0.04241   0.02612  0.003824   0.07236        12       416     0.897    0.4185    0.4348    0.1884   0.04759   0.01794   0.02891
     80/99        0G   0.04198   0.02672  0.004196    0.0729        20       416    0.9156    0.3582    0.4455    0.1748   0.05033   0.01722   0.01283
     81/99        0G   0.04083   0.02631  0.004527   0.07167         8       416    0.8325    0.4333    0.4603    0.2099    0.0474    0.0173   0.01415
     82/99        0G   0.04114   0.02566  0.003645   0.07044        23       416    0.8981    0.3963    0.4085    0.1908   0.04938   0.01857    0.0279
     83/99        0G   0.04241    0.0264  0.003912   0.07272        18       416    0.5095    0.4481    0.4756    0.2096   0.04929   0.01806   0.01849
     84/99        0G   0.04226   0.02446  0.003087   0.06981        22       416    0.9028       0.4    0.4525     0.199   0.04805   0.01704    0.0178
     85/99        0G    0.0403   0.02778   0.00358   0.07166        14       416    0.8277      0.46    0.4805    0.2101   0.04654    0.0177   0.01595
     86/99        0G   0.04081   0.02572  0.003868    0.0704        14       416    0.5569    0.4815     0.509    0.2274   0.04685   0.01782   0.01334
     87/99        0G   0.04119   0.02603  0.003882    0.0711        25       416    0.5183       0.5     0.477    0.2243   0.04793   0.01766   0.01499
     88/99        0G   0.04091    0.0266  0.003382    0.0709        23       416    0.8549    0.4185    0.4542    0.2142   0.04818   0.01715   0.02484
     89/99        0G   0.04037   0.02551  0.003915   0.06979        17       416    0.4705    0.4704    0.4481    0.1881   0.05015   0.01765   0.01805
     90/99        0G   0.04078   0.02551  0.003295   0.06958        22       416    0.8242    0.4481    0.4519    0.2065   0.04681   0.01703   0.02036
     91/99        0G    0.0407   0.02548  0.004038   0.07021        14       416    0.9207    0.4481    0.5013    0.2409   0.04763   0.01717   0.01466
     92/99        0G   0.04059   0.02588  0.004049   0.07052        21       416    0.8363    0.4704     0.486    0.2401   0.04616   0.01699   0.01209
     93/99        0G   0.03958   0.02495  0.003465     0.068         8       416     0.904    0.4333    0.4723    0.2109   0.04552   0.01699   0.01606
     94/99        0G   0.04002   0.02431  0.003879   0.06821        16       416    0.5445     0.437    0.4664    0.2129   0.04804   0.01818   0.01347
     95/99        0G   0.03967   0.02407  0.004294   0.06803        18       416    0.5297    0.4407    0.4685    0.2062   0.04971   0.01792   0.01639
     96/99        0G   0.03989   0.02569   0.00341   0.06899        17       416     0.557     0.463    0.5024     0.229   0.04462   0.01801   0.01312
     97/99        0G   0.04051   0.02417  0.003391   0.06808        14       416    0.6099    0.4111    0.4755    0.2061   0.04842   0.01873   0.02004
     98/99        0G   0.03877   0.02503  0.003112   0.06691        11       416    0.5617    0.4444     0.475    0.2205   0.04792   0.01812   0.01506
     99/99        0G   0.03993   0.02669  0.003508   0.07013        44       416    0.8557    0.4667    0.4724    0.2144   0.04998   0.01771   0.02473
